[gd_scene load_steps=75 format=2]

[ext_resource path="res://scripts/InitVR.gd" type="Script" id=1]
[ext_resource path="res://scripts/Movement_Vignette.gd" type="Script" id=2]
[ext_resource path="res://scenes/Movement_Vignette.tscn" type="PackedScene" id=3]
[ext_resource path="res://scenes/Left_Controller.tscn" type="PackedScene" id=4]
[ext_resource path="res://scenes/Right_Controller.tscn" type="PackedScene" id=5]
[ext_resource path="res://Assets/teleport.tres" type="CylinderMesh" id=6]
[ext_resource path="res://Assets/teleport_spike.tres" type="CylinderMesh" id=7]
[ext_resource path="res://scenes/Spraycan.tscn" type="PackedScene" id=8]
[ext_resource path="res://Assets/spraycans.png" type="Texture" id=9]
[ext_resource path="res://scenes/Fountain.tscn" type="PackedScene" id=10]
[ext_resource path="res://scenes/Bench.tscn" type="PackedScene" id=11]
[ext_resource path="res://Assets/Low Poly Forest Decoration Pack/Trees/FBX Files/Tree 2.3/Tree2.3.fbx" type="PackedScene" id=12]
[ext_resource path="res://Assets/Low Poly Forest Decoration Pack/Trees/FBX Files/Tree 2.1/Tree2.1.fbx" type="PackedScene" id=13]
[ext_resource path="res://Assets/Low Poly Forest Decoration Pack/Trees/FBX Files/Tree 2.2/Tree2.2.fbx" type="PackedScene" id=14]
[ext_resource path="res://Assets/teleport_mat.tres" type="Material" id=15]
[ext_resource path="res://Assets/Low Poly Forest Decoration Pack/Bush/FBX Files/Bush3.1/Bush3.1.fbx" type="PackedScene" id=16]
[ext_resource path="res://scenes/Pistol.tscn" type="PackedScene" id=17]
[ext_resource path="res://scenes/Sphere_Target.tscn" type="PackedScene" id=18]
[ext_resource path="res://scenes/Shotgun.tscn" type="PackedScene" id=19]
[ext_resource path="res://scenes/Steps.tscn" type="PackedScene" id=20]
[ext_resource path="res://Assets/F2EFE9_mat.tres" type="Material" id=21]
[ext_resource path="res://Assets/frame_mat.tres" type="Material" id=22]
[ext_resource path="res://scenes/Statue.tscn" type="PackedScene" id=23]
[ext_resource path="res://scenes/Menu.tscn" type="PackedScene" id=24]
[ext_resource path="res://scenes/mad_piggy.tscn" type="PackedScene" id=25]
[ext_resource path="res://Assets/StreetLight.fbx" type="PackedScene" id=26]
[ext_resource path="res://scenes/test_terrain.tscn" type="PackedScene" id=27]
[ext_resource path="res://addons/zylann.hterrain/hterrain_detail_layer.gd" type="Script" id=28]
[ext_resource path="res://addons/zylann.hterrain/tools/icons/icon_detail_layer_node.svg" type="Texture" id=29]
[ext_resource path="res://Assets/cloud1.tscn" type="PackedScene" id=30]
[ext_resource path="res://Assets/LowPoly_Water.tscn" type="PackedScene" id=31]
[ext_resource path="res://Assets/cloud2.tscn" type="PackedScene" id=32]
[ext_resource path="res://Assets/cloud3.tscn" type="PackedScene" id=33]
[ext_resource path="res://scenes/Grill.tscn" type="PackedScene" id=34]
[ext_resource path="res://Assets/slide.tscn" type="PackedScene" id=35]
[ext_resource path="res://Assets/swing.tscn" type="PackedScene" id=36]
[ext_resource path="res://Player.gd" type="Script" id=37]
[ext_resource path="res://Audio/Urchins.ogg" type="AudioStream" id=38]
[ext_resource path="res://Assets/spray_names.png" type="Texture" id=39]
[ext_resource path="res://Assets/say_their_names.jpg" type="Texture" id=40]

[sub_resource type="Environment" id=1]
background_mode = 1
background_color = Color( 0, 0.654902, 0.882353, 1 )
ambient_light_color = Color( 0.94902, 0.937255, 0.913725, 1 )
fog_color = Color( 0.513726, 0.458824, 0.411765, 1 )
fog_sun_color = Color( 1, 0.901961, 0.701961, 1 )
dof_blur_far_transition = 173.35

[sub_resource type="CubeMesh" id=2]

[sub_resource type="SpatialMaterial" id=3]
albedo_color = Color( 0.94902, 0.937255, 0.913725, 1 )

[sub_resource type="BoxShape" id=4]

[sub_resource type="SpatialMaterial" id=5]
albedo_color = Color( 0.192157, 0.0313726, 0.121569, 1 )

[sub_resource type="PlaneMesh" id=6]

[sub_resource type="SpatialMaterial" id=7]
flags_transparent = true
albedo_texture = ExtResource( 9 )

[sub_resource type="SpatialMaterial" id=8]

[sub_resource type="PhysicsMaterial" id=9]

[sub_resource type="BoxShape" id=10]

[sub_resource type="Shader" id=11]
code = "shader_type spatial;
render_mode blend_mix,depth_draw_opaque,cull_back,diffuse_burley,specular_schlick_ggx;
uniform vec4 albedo : hint_color;
uniform sampler2D texture_albedo : hint_albedo;
uniform float specular;
uniform float metallic;
uniform float roughness : hint_range(0,1);
uniform float point_size : hint_range(0,128);
uniform vec3 uv1_scale;
uniform vec3 uv1_offset;
uniform vec3 uv2_scale;
uniform vec3 uv2_offset;


void vertex() {
	UV=UV*uv1_scale.xy+uv1_offset.xy;
}




void fragment() {
	vec2 base_uv = UV;
	vec4 albedo_tex = texture(texture_albedo,base_uv);
	ALBEDO = albedo.rgb * albedo_tex.rgb;
	METALLIC = metallic;
	ROUGHNESS = roughness;
	SPECULAR = specular;
}
"

[sub_resource type="ShaderMaterial" id=12]
shader = SubResource( 11 )
shader_param/albedo = Color( 0.513726, 0.458824, 0.411765, 1 )
shader_param/specular = 0.5
shader_param/metallic = 0.0
shader_param/roughness = 1.0
shader_param/point_size = 1.0
shader_param/uv1_scale = Vector3( 1, 1, 1 )
shader_param/uv1_offset = Vector3( 0, 0, 0 )
shader_param/uv2_scale = Vector3( 1, 1, 1 )
shader_param/uv2_offset = Vector3( 0, 0, 0 )

[sub_resource type="PlaneMesh" id=31]

[sub_resource type="SpatialMaterial" id=32]
albedo_texture = ExtResource( 40 )

[sub_resource type="SpatialMaterial" id=33]
flags_transparent = true
albedo_texture = ExtResource( 39 )

[sub_resource type="PlaneMesh" id=13]

[sub_resource type="SpatialMaterial" id=14]
albedo_color = Color( 0.94902, 0.937255, 0.913725, 1 )

[sub_resource type="BoxShape" id=15]

[sub_resource type="SpatialMaterial" id=16]
albedo_color = Color( 0.94902, 0.937255, 0.913725, 1 )

[sub_resource type="BoxShape" id=17]

[sub_resource type="PlaneMesh" id=18]

[sub_resource type="SpatialMaterial" id=19]
albedo_color = Color( 0, 0.686275, 0.329412, 1 )

[sub_resource type="BoxShape" id=20]

[sub_resource type="CylinderMesh" id=21]

[sub_resource type="CylinderShape" id=35]

[sub_resource type="CylinderShape" id=34]

[sub_resource type="PlaneMesh" id=23]

[sub_resource type="SpatialMaterial" id=24]
albedo_color = Color( 0, 0.654902, 0.882353, 1 )

[sub_resource type="CubeMesh" id=25]

[sub_resource type="SpatialMaterial" id=26]
albedo_color = Color( 0.192157, 0.0313726, 0.121569, 1 )

[sub_resource type="BoxShape" id=27]

[sub_resource type="CubeMesh" id=28]

[sub_resource type="SpatialMaterial" id=29]
albedo_color = Color( 0.2, 0.0666667, 0, 1 )

[sub_resource type="BoxShape" id=30]

[node name="Game" type="Spatial"]
transform = Transform( 1, 0, 0, 0, 1, 0, 0, 0, 1, -200, 0, -200 )
script = ExtResource( 1 )

[node name="ARVROrigin" type="ARVROrigin" parent="."]
transform = Transform( 0.6497, 0, 0.760191, 0, 1, 0, -0.760191, 0, 0.6497, 202.493, 0, 203.69 )
script = ExtResource( 37 )

[node name="Player_Camera" type="ARVRCamera" parent="ARVROrigin"]
transform = Transform( 1, 0, 2.98023e-08, 0, 1, 0, -2.98023e-08, 0, 1, 0, 1.4, 0 )
environment = SubResource( 1 )
far = 200.0

[node name="Menu" parent="ARVROrigin/Player_Camera" instance=ExtResource( 24 )]
transform = Transform( 0.5, -3.27826e-07, 3.55271e-15, 0, -3.27835e-08, -0.5, 1.3411e-07, 0.750001, -2.18557e-08, 0.0738508, -0.528468, -3.27013 )

[node name="Left_Controller" parent="ARVROrigin" instance=ExtResource( 4 )]

[node name="Right_Controller" parent="ARVROrigin" instance=ExtResource( 5 )]

[node name="Movement_Vignette" parent="ARVROrigin" instance=ExtResource( 3 )]
visible = false
script = ExtResource( 2 )

[node name="AudioStreamPlayer3D" type="AudioStreamPlayer3D" parent="ARVROrigin"]
stream = ExtResource( 38 )
attenuation_model = 3
autoplay = true
max_distance = 5.0

[node name="Teleport_Mesh" type="MeshInstance" parent="."]
visible = false
mesh = ExtResource( 6 )
material/0 = ExtResource( 15 )

[node name="MeshInstance" type="MeshInstance" parent="Teleport_Mesh"]
mesh = ExtResource( 7 )
material/0 = ExtResource( 15 )

[node name="DirectionalLight" type="DirectionalLight" parent="."]
transform = Transform( 0.997289, -0.0521704, -0.0519008, 0.0626572, 0.971862, 0.227065, 0.0385944, -0.229701, 0.972496, 0, 0, 0 )

[node name="Level" type="Node" parent="."]

[node name="Wall6" type="MeshInstance" parent="Level"]
transform = Transform( 0.3, 0, 0, 0, 0.5, 0, 0, 0, 0.15, -1.29992, 0.5, -9.805 )
visible = false
mesh = SubResource( 2 )
material/0 = SubResource( 3 )

[node name="SmallWallBody" type="StaticBody" parent="Level/Wall6"]
transform = Transform( 0.1, 0, 0, 0, 0.5, 0, 0, 0, 10, 0, -1, -100 )

[node name="CollisionShape" type="CollisionShape" parent="Level/Wall6/SmallWallBody"]
transform = Transform( 10, 0, 0, 0, 0.5, 0, 0, 0, 0.1, 0, 1, 10 )
shape = SubResource( 4 )

[node name="CanMachine" type="MeshInstance" parent="Level"]
transform = Transform( 0.25, 0, 0, 0, 0.75, 0, 0, 0, 0.25, 0, 0.75, -47 )
visible = false
mesh = SubResource( 2 )
material/0 = SubResource( 5 )

[node name="SmallWallBody" type="StaticBody" parent="Level/CanMachine"]
transform = Transform( 0.1, 0, 0, 0, 0.5, 0, 0, 0, 10, 0, -1, -100 )

[node name="CollisionShape" type="CollisionShape" parent="Level/CanMachine/SmallWallBody"]
transform = Transform( 10, 0, 0, 0, 0.5, 0, 0, 0, 0.1, 0, 1, 10 )
shape = SubResource( 4 )
disabled = true

[node name="MeshInstance" type="MeshInstance" parent="Level/CanMachine"]
transform = Transform( 0.667246, 0, 0, 0, -9.63027e-08, -0.0591102, 0, 1, -1.62921e-08, 0, 0.821, 1.01 )
mesh = SubResource( 6 )
material/0 = SubResource( 7 )

[node name="MeshInstance2" type="MeshInstance" parent="Level/CanMachine"]
transform = Transform( 0.8, 0, 0, 0, -1.62921e-07, -0.1, 0, 1, -1.62921e-08, 0, 0.821, 1.005 )
mesh = SubResource( 6 )
material/0 = SubResource( 8 )

[node name="MeshInstance3" type="MeshInstance" parent="Level/CanMachine"]
transform = Transform( 0.8, 0, 0, 0, -4.37114e-08, -0.2, 0, 1, -8.74228e-09, 0, -0.713592, 1.005 )
mesh = SubResource( 6 )
material/0 = SubResource( 8 )

[node name="ParkBench" parent="Level" instance=ExtResource( 11 )]
transform = Transform( 0.124467, 0, 0.992224, 0, 1, 0, -0.992224, 0, 0.124467, -4.20951, 0, 0 )

[node name="ParkBench3" parent="Level" instance=ExtResource( 11 )]
transform = Transform( -0.124468, 0, 0.992224, 0, 1, 0, -0.992224, 0, -0.124468, -4.22187, 0, 4.92534 )

[node name="ParkBench2" parent="Level" instance=ExtResource( 11 )]
transform = Transform( -0.00478224, 0, 0.999989, 0, 1, 0, -0.999989, 0, -0.00478224, -4.34777, -0.0134792, 2.45526 )

[node name="ParkBench6" parent="Level" instance=ExtResource( 11 )]
transform = Transform( -0.10963, 0, -0.993972, 0, 1, 0, 0.993972, 0, -0.10963, 4.42214, 0, 4.9261 )

[node name="ParkBench5" parent="Level" instance=ExtResource( 11 )]
transform = Transform( 0.139277, 0, -0.990254, 0, 1, 0, 0.990254, 0, 0.139277, 4.36092, 0, 0.00112295 )

[node name="ParkBench4" parent="Level" instance=ExtResource( 11 )]
transform = Transform( 0.0197207, 0, -0.999806, 0, 1, 0, 0.999806, 0, 0.0197207, 4.5237, -0.0134792, 2.46905 )

[node name="Tunnel" type="Spatial" parent="Level"]

[node name="Wall1" type="MeshInstance" parent="Level/Tunnel"]
transform = Transform( 11.5, 0, 0, 0, 4, 0, 0, 0, 0.1, 0.2, -1, -48 )
mesh = SubResource( 2 )
material/0 = ExtResource( 22 )

[node name="BigWallBody" type="StaticBody" parent="Level/Tunnel/Wall1"]
transform = Transform( 0.1, 0, 0, 0, 0.25, 0, 0, 0, 10, 0, -1, 100 )
physics_material_override = SubResource( 9 )

[node name="CollisionShape" type="CollisionShape" parent="Level/Tunnel/Wall1/BigWallBody"]
transform = Transform( 10, 0, 0, 0, 4, 0, 0, 0, 0.1, 0, 4, -10 )
shape = SubResource( 10 )

[node name="Wall4" type="MeshInstance" parent="Level/Tunnel"]
transform = Transform( 2.92665, 0, 0, 0, 1.15181, 0, 0, 0, 0.1, -4.05097, 1.54689, -47.9851 )
mesh = SubResource( 2 )
material/0 = ExtResource( 21 )

[node name="BigWallBody" type="StaticBody" parent="Level/Tunnel/Wall4"]
transform = Transform( 0.1, 0, 0, 0, 0.25, 0, 0, 0, 10, 0, -1, 100 )
physics_material_override = SubResource( 9 )

[node name="CollisionShape" type="CollisionShape" parent="Level/Tunnel/Wall4/BigWallBody"]
transform = Transform( 10, 0, 0, 0, 4, 0, 0, 0, 0.1, 0, 4, -10 )
shape = SubResource( 10 )

[node name="Wall5" type="MeshInstance" parent="Level/Tunnel"]
transform = Transform( 2.92665, 0, 0, 0, 1.15181, 0, 0, 0, 0.1, 4.04748, 1.49262, -47.9851 )
mesh = SubResource( 2 )
material/0 = ExtResource( 21 )

[node name="BigWallBody" type="StaticBody" parent="Level/Tunnel/Wall5"]
transform = Transform( 0.1, 0, 0, 0, 0.25, 0, 0, 0, 10, 0, -1, 100 )
physics_material_override = SubResource( 9 )

[node name="CollisionShape" type="CollisionShape" parent="Level/Tunnel/Wall5/BigWallBody"]
transform = Transform( 10, 0, 0, 0, 4, 0, 0, 0, 0.1, 0, 4, -10 )
shape = SubResource( 10 )

[node name="Wall2" type="MeshInstance" parent="Level/Tunnel"]
transform = Transform( -3.72729, 0, 0.092794, 0, 4, 0, -9.2794, 0, -0.0372729, -6.76, -3, -39.041 )
mesh = SubResource( 2 )
material/0 = SubResource( 12 )

[node name="BigWallBody" type="StaticBody" parent="Level/Tunnel/Wall2"]
transform = Transform( 0.1, 0, 0, 0, 0.25, 0, 0, 0, 10, 0, -1, 100 )
physics_material_override = SubResource( 9 )

[node name="CollisionShape" type="CollisionShape" parent="Level/Tunnel/Wall2/BigWallBody"]
transform = Transform( 10, 0, 0, 0, 4, 0, 0, 0, 0.1, 0, 4, -10 )
shape = SubResource( 10 )

[node name="Wall3" type="MeshInstance" parent="Level/Tunnel"]
transform = Transform( -3.72729, 0, -0.092794, 0, 4, 0, 9.2794, 0, -0.0372729, 6.986, -3, -38.956 )
mesh = SubResource( 2 )
material/0 = SubResource( 12 )

[node name="BigWallBody" type="StaticBody" parent="Level/Tunnel/Wall3"]
transform = Transform( 0.1, 0, 0, 0, 0.25, 0, 0, 0, 10, 0, -1, 100 )
physics_material_override = SubResource( 9 )

[node name="CollisionShape" type="CollisionShape" parent="Level/Tunnel/Wall3/BigWallBody"]
transform = Transform( 10, 0, 0, 0, 4, 0, 0, 0, 0.1, 0, 4, -10 )
shape = SubResource( 10 )

[node name="MeshInstance" type="MeshInstance" parent="Level/Tunnel"]
transform = Transform( 0.713691, 0, 0, 0, -1.09037e-07, -0.669267, 0, 1, -1.62921e-07, 0.025954, 2.2277, -47.8748 )
mesh = SubResource( 31 )
material/0 = SubResource( 32 )

[node name="MeshInstance4" type="MeshInstance" parent="Level/Tunnel"]
transform = Transform( 0.713691, 0, 0, 0, -1.09037e-07, -0.669267, 0, 1, -1.62921e-07, 0.025954, 0.754853, -47.8905 )
mesh = SubResource( 31 )
material/0 = SubResource( 33 )

[node name="MeshInstance2" type="MeshInstance" parent="Level/Tunnel"]
transform = Transform( 1.25, 0, 0, 0, -4.37114e-08, -1.25, 0, 1, -5.46392e-08, -8.47928, 1.53003, -47.8748 )
mesh = SubResource( 31 )
material/0 = SubResource( 32 )

[node name="MeshInstance3" type="MeshInstance" parent="Level/Tunnel"]
transform = Transform( 1.25, 0, 0, 0, -4.37114e-08, -1.25, 0, 1, -5.46392e-08, 8.60946, 1.53003, -47.8748 )
mesh = SubResource( 31 )
material/0 = SubResource( 32 )

[node name="BenchPath" type="MeshInstance" parent="Level"]
transform = Transform( 4.85116, 0, 0, 0, 0.001, 0, 0, 0, 3.654, 0.04, 0.01, 2.452 )
mesh = SubResource( 13 )
material/0 = SubResource( 14 )

[node name="StaticBody" type="StaticBody" parent="Level/BenchPath"]

[node name="CollisionShape" type="CollisionShape" parent="Level/BenchPath/StaticBody"]
shape = SubResource( 15 )

[node name="BenchPath2" type="MeshInstance" parent="Level"]
transform = Transform( 7.95497, 0, 0.847614, 0, 0.001, 0, -0.847614, 0, 7.95497, -120.536, 0.01, 3.78747 )
mesh = SubResource( 13 )
material/0 = SubResource( 14 )

[node name="StaticBody" type="StaticBody" parent="Level/BenchPath2"]

[node name="CollisionShape" type="CollisionShape" parent="Level/BenchPath2/StaticBody"]
shape = SubResource( 15 )

[node name="LongPath" type="MeshInstance" parent="Level"]
transform = Transform( 3.058, 0, 0, 0, 0.001, 0, 0, 0, 50, 0.111, 0.011, -35.0152 )
visible = false
mesh = SubResource( 13 )
material/0 = SubResource( 16 )

[node name="StaticBody" type="StaticBody" parent="Level/LongPath"]

[node name="CollisionShape" type="CollisionShape" parent="Level/LongPath/StaticBody"]
shape = SubResource( 17 )

[node name="LongPath2" type="MeshInstance" parent="Level"]
transform = Transform( 1.51321, 0, 21.7246, 0, 0.001, 0, -2.65736, 0, 12.3709, -28.964, 0.011, -31.301 )
visible = false
mesh = SubResource( 13 )
material/0 = SubResource( 16 )

[node name="StaticBody" type="StaticBody" parent="Level/LongPath2"]

[node name="CollisionShape" type="CollisionShape" parent="Level/LongPath2/StaticBody"]
shape = SubResource( 17 )

[node name="LongPath5" type="MeshInstance" parent="Level"]
transform = Transform( -0.708778, 0, 52.2177, 0, 0.001, 0, -3.03935, 0, -2.75723, -73.0709, 0.011, -29.7818 )
visible = false
mesh = SubResource( 13 )
material/0 = SubResource( 16 )

[node name="StaticBody" type="StaticBody" parent="Level/LongPath5"]

[node name="CollisionShape" type="CollisionShape" parent="Level/LongPath5/StaticBody"]
shape = SubResource( 17 )

[node name="LongPath6" type="MeshInstance" parent="Level"]
transform = Transform( -0.708778, 0, 52.2177, 0, 0.001, 0, -3.03935, 0, -2.75723, -54.0692, 0.011, -79.9891 )
visible = false
mesh = SubResource( 13 )
material/0 = SubResource( 16 )

[node name="StaticBody" type="StaticBody" parent="Level/LongPath6"]

[node name="CollisionShape" type="CollisionShape" parent="Level/LongPath6/StaticBody"]
shape = SubResource( 17 )

[node name="LongPath4" type="MeshInstance" parent="Level"]
transform = Transform( 3.01584, 0, -4.13694, -0.0482283, 0.000995448, -2.34983, 0.503726, 9.53072e-05, 24.5431, -111.955, 2.4179, -33.3857 )
visible = false
mesh = SubResource( 13 )
material/0 = SubResource( 16 )

[node name="StaticBody" type="StaticBody" parent="Level/LongPath4"]

[node name="CollisionShape" type="CollisionShape" parent="Level/LongPath4/StaticBody"]
shape = SubResource( 17 )

[node name="LongPath3" type="MeshInstance" parent="Level"]
transform = Transform( 2.82608, 0, 6.87611, 0, 0.001, 0, -1.16817, 0, 16.6349, -56.2503, 0.011, -58.8371 )
visible = false
mesh = SubResource( 13 )
material/0 = SubResource( 16 )

[node name="StaticBody" type="StaticBody" parent="Level/LongPath3"]

[node name="CollisionShape" type="CollisionShape" parent="Level/LongPath3/StaticBody"]
shape = SubResource( 17 )

[node name="Tree21" parent="Level" instance=ExtResource( 13 )]
transform = Transform( -0.00890118, 0, -0.99996, 0, 1, 0, 0.99996, 0, -0.00890118, -7.46517, 1.79008, 2.40213 )

[node name="Tree22" parent="Level" instance=ExtResource( 14 )]
transform = Transform( 0.346002, 0, -0.938234, 0, 1, 0, 0.938234, 0, 0.346002, -5.48839, 3.8819, -0.753738 )

[node name="Tree23" parent="Level" instance=ExtResource( 12 )]
transform = Transform( 0.749152, 0, 0.662398, 0, 1, 0, -0.662398, 0, 0.749152, -5.20041, 2.42061, 6.90446 )

[node name="Tree26" parent="Level" instance=ExtResource( 13 )]
transform = Transform( -0.00125653, 0, 0.999999, 0, 1, 0, -0.999999, 0, -0.00125653, 7.78205, 3.77444, 2.85906 )

[node name="Tree25" parent="Level" instance=ExtResource( 14 )]
transform = Transform( -0.178802, 0, 0.983885, 0, 1, 0, -0.983885, 0, -0.178802, 5.83686, 3.89018, 5.73467 )

[node name="Tree24" parent="Level" instance=ExtResource( 12 )]
transform = Transform( -0.347312, 0, -0.93775, 0, 1, 0, 0.93775, 0, -0.347312, 5.47111, 2.42889, -1.59747 )

[node name="Tree32" parent="Level" instance=ExtResource( 13 )]
transform = Transform( 0.93804, 0, 0.346526, 0, 1, 0, -0.346526, 0, 0.93804, 11.4187, 1.79008, 12.4353 )

[node name="Tree31" parent="Level" instance=ExtResource( 14 )]
transform = Transform( 0.754389, 0, 0.656428, 0, 1, 0, -0.656428, 0, 0.754389, 7.76671, 3.8819, 11.7071 )

[node name="Tree30" parent="Level" instance=ExtResource( 12 )]
transform = Transform( -0.885134, 0, 0.465336, 0, 1, 0, -0.465336, 0, -0.885134, 14.8243, 2.42061, 8.72025 )

[node name="Tree29" parent="Level" instance=ExtResource( 13 )]
transform = Transform( -0.934472, 0, -0.356037, 0, 1, 0, 0.356037, 0, -0.934472, -0.75725, 3.77444, 17.0686 )

[node name="Tree28" parent="Level" instance=ExtResource( 14 )]
transform = Transform( -0.856402, 0, -0.516309, 0, 1, 0, 0.516309, 0, -0.856402, 2.62148, 3.89018, 17.8668 )

[node name="Tree27" parent="Level" instance=ExtResource( 12 )]
transform = Transform( 0.999968, 0, 0.00806367, 0, 1, 0, -0.00806367, 0, 0.999968, -4.10368, 2.42889, 20.8106 )

[node name="Bush31" parent="Level" instance=ExtResource( 16 )]
transform = Transform( -0.879433, 0, -0.476023, 0, 1, 0, 0.476023, 0, -0.879433, -3.8685, 0.277983, 6.85419 )

[node name="Bush32" parent="Level" instance=ExtResource( 16 )]
transform = Transform( 1, 0, 0, 0, 1, 0, 0, 0, 1, -3.8685, 0.277983, -1.87312 )

[node name="Bush34" parent="Level" instance=ExtResource( 16 )]
transform = Transform( -0.879433, 0, -0.476023, 0, 1, 0, 0.476023, 0, -0.879433, 3.88294, 0.277983, 6.85419 )

[node name="Bush33" parent="Level" instance=ExtResource( 16 )]
transform = Transform( 1, 0, 0, 0, 1, 0, 0, 0, 1, 3.88294, 0.277983, -1.87312 )

[node name="Ground" type="MeshInstance" parent="Level"]
transform = Transform( 1000, 0, 0, 0, 1, 0, 0, 0, 1000, 0, 0.002, 0 )
visible = false
mesh = SubResource( 18 )
material/0 = SubResource( 19 )

[node name="StaticBody" type="StaticBody" parent="Level/Ground"]
input_ray_pickable = false

[node name="CollisionShape" type="CollisionShape" parent="Level/Ground/StaticBody"]
transform = Transform( 1, 0, 0, 0, 0.1, 0, 0, 0, 1, 0, 0, 0 )
shape = SubResource( 20 )
disabled = true

[node name="MeshInstance3" type="MeshInstance" parent="Level"]
transform = Transform( 10, 0, 0, 0, 0.001, 0, 0, 0, 10, 0, 0.01, -20.25 )
mesh = SubResource( 21 )
material/0 = ExtResource( 21 )

[node name="StaticBody" type="StaticBody" parent="Level/MeshInstance3"]

[node name="CollisionShape" type="CollisionShape" parent="Level/MeshInstance3/StaticBody"]
shape = SubResource( 35 )

[node name="MeshInstance4" type="MeshInstance" parent="Level"]
transform = Transform( 10, 0, 0, 0, 0.001, 0, 0, 0, 10, -57.4489, 0.01, -79.1586 )
mesh = SubResource( 21 )
material/0 = ExtResource( 21 )

[node name="StaticBody2" type="StaticBody" parent="Level/MeshInstance4"]
transform = Transform( 1, 0, 0, 0, 1, 0, 0, 0, 1, 5.74489, 0, 5.89086 )

[node name="CollisionShape" type="CollisionShape" parent="Level/MeshInstance4/StaticBody2"]
shape = SubResource( 34 )

[node name="BigOrangeTree" parent="Level" instance=ExtResource( 13 )]
transform = Transform( 0.961262, 0, 0.275637, 0, 1, 0, -0.275637, 0, 0.961262, -10.8953, 3.7, -26.6715 )

[node name="BigOrangeTree14" parent="Level" instance=ExtResource( 13 )]
transform = Transform( -0.397404, 0, 0.917644, 0, 1, 0, -0.917644, 0, -0.397404, -4.14346, 3.7, -52.5549 )

[node name="BigOrangeTree29" parent="Level" instance=ExtResource( 13 )]
transform = Transform( 0.966828, 0, -0.255429, 0, 1, 0, 0.255429, 0, 0.966828, 3.42398, 3.7, -57.3955 )

[node name="BigOrangeTree15" parent="Level" instance=ExtResource( 13 )]
transform = Transform( 0.660919, 0, 0.750457, 0, 1, 0, -0.750457, 0, 0.660919, 7.61193, 3.7, -50.2788 )

[node name="BigOrangeTree16" parent="Level" instance=ExtResource( 13 )]
transform = Transform( 0.660919, 0, 0.750457, 0, 1, 0, -0.750457, 0, 0.660919, -19.2584, 3.7, -42.6197 )

[node name="BigOrangeTree3" parent="Level" instance=ExtResource( 13 )]
transform = Transform( 0.285571, 0, -0.958358, 0, 1, 0, 0.958358, 0, 0.285571, -24.115, 3.7, -18.8348 )

[node name="BigOrangeTree4" parent="Level" instance=ExtResource( 13 )]
transform = Transform( 0.285571, 0, -0.958358, 0, 1, 0, 0.958358, 0, 0.285571, -17.2647, 3.7, 0.264844 )

[node name="BigOrangeTree2" parent="Level" instance=ExtResource( 13 )]
transform = Transform( 0.809499, 0, -0.587122, 0, 1, 0, 0.587122, 0, 0.809499, -10.6488, 3.7, -11.9785 )

[node name="BigOrangeTree28" parent="Level" instance=ExtResource( 13 )]
transform = Transform( 0.794648, 0, 0.607071, 0, 1, 0, -0.607071, 0, 0.794648, -10.7147, 3.7, 11.3801 )

[node name="BigOrangeTree27" parent="Level" instance=ExtResource( 13 )]
transform = Transform( 0.261651, 0, 0.965163, 0, 1, 0, -0.965163, 0, 0.261651, -14.9101, 3.7, 8.74947 )

[node name="YellowTree2" parent="Level" instance=ExtResource( 14 )]
transform = Transform( -0.977955, 0, -0.208816, 0, 1, 0, 0.208816, 0, -0.977955, -19.3729, 3.5, -36.1034 )

[node name="YellowTree114" parent="Level" instance=ExtResource( 14 )]
transform = Transform( -0.977955, 0, -0.208816, 0, 1, 0, 0.208816, 0, -0.977955, -8.37679, 3.5, -110.756 )

[node name="YellowTree29" parent="Level" instance=ExtResource( 14 )]
transform = Transform( -0.977955, 0, -0.208816, 0, 1, 0, 0.208816, 0, -0.977955, 6.77959, 3.50828, -7.54524 )

[node name="YellowTree66" parent="Level" instance=ExtResource( 14 )]
transform = Transform( 0.542265, 0, -0.840207, 0, 1, 0, 0.840207, 0, 0.542265, -10.1287, 3.50828, 21.6979 )

[node name="YellowTree8" parent="Level" instance=ExtResource( 14 )]
transform = Transform( -0.813294, 0, -0.581853, 0, 1, 0, 0.581853, 0, -0.813294, -16.6209, 3.5, -18.5579 )

[node name="YellowTree28" parent="Level" instance=ExtResource( 14 )]
transform = Transform( -0.977955, 0, -0.208816, 0, 1, 0, 0.208816, 0, -0.977955, -13.6643, 3.5, -42.412 )

[node name="YellowTree113" parent="Level" instance=ExtResource( 14 )]
transform = Transform( -0.977955, 0, -0.208816, 0, 1, 0, 0.208816, 0, -0.977955, -2.66819, 3.5, -117.065 )

[node name="YellowTree30" parent="Level" instance=ExtResource( 14 )]
transform = Transform( -0.318942, 0, 0.947774, 0, 1, 0, -0.947774, 0, -0.318942, 10.9665, 3.5, -44.5156 )

[node name="YellowTree49" parent="Level" instance=ExtResource( 14 )]
transform = Transform( 0.0680151, 0, -0.997684, 0, 1, 0, 0.997684, 0, 0.0680151, -60.7325, 3.23991, -50.5595 )

[node name="YellowTree88" parent="Level" instance=ExtResource( 14 )]
transform = Transform( -0.996693, 0, -0.0812598, 0, 1, 0, 0.0812598, 0, -0.996693, -85.9715, 6.4721, -56.4471 )

[node name="YellowTree27" parent="Level" instance=ExtResource( 14 )]
transform = Transform( -0.813294, 0, -0.581853, 0, 1, 0, 0.581853, 0, -0.813294, -9.22134, 3.5, -52.1042 )

[node name="YellowTree112" parent="Level" instance=ExtResource( 14 )]
transform = Transform( -0.813294, 0, -0.581853, 0, 1, 0, 0.581853, 0, -0.813294, 7.66557, 3.5, -117.91 )

[node name="YellowTree63" parent="Level" instance=ExtResource( 14 )]
transform = Transform( 0.960328, 0, 0.278874, 0, 1, 0, -0.278874, 0, 0.960328, 3.54839, 3.5, -52.4609 )

[node name="YellowTree3" parent="Level" instance=ExtResource( 14 )]
transform = Transform( -0.505989, 0, -0.86254, 0, 1, 0, 0.86254, 0, -0.505989, -17.5629, 3.5, -11.1637 )

[node name="YellowTree5" parent="Level" instance=ExtResource( 14 )]
transform = Transform( -0.505989, 0, -0.86254, 0, 1, 0, 0.86254, 0, -0.505989, -17.629, 3.5, -31.2627 )

[node name="YellowTree6" parent="Level" instance=ExtResource( 14 )]
transform = Transform( 0.275319, 0, -0.961353, 0, 1, 0, 0.961353, 0, 0.275319, -11.1214, 3.5, -1.89351 )

[node name="YellowTree7" parent="Level" instance=ExtResource( 14 )]
transform = Transform( 0.756196, 0, 0.654345, 0, 1, 0, -0.654345, 0, 0.756196, -6.55671, 3.5, -6.66773 )

[node name="YellowTree65" parent="Level" instance=ExtResource( 14 )]
transform = Transform( 0.801086, 0, 0.598549, 0, 1, 0, -0.598549, 0, 0.801086, 8.70006, 3.5, 17.378 )

[node name="YellowTree64" parent="Level" instance=ExtResource( 14 )]
transform = Transform( -0.880105, 0, 0.474779, 0, 1, 0, -0.474779, 0, -0.880105, -11.3971, 3.5, 3.03911 )

[node name="YellowTree1" parent="Level" instance=ExtResource( 12 )]
transform = Transform( 0.675976, 0, -0.736924, 0, 1, 0, 0.736924, 0, 0.675976, -20.4573, 2.4, -20.539 )

[node name="YellowTree4" parent="Level" instance=ExtResource( 12 )]
transform = Transform( 0.974897, 0, 0.222655, 0, 1, 0, -0.222655, 0, 0.974897, -13.3851, 2.4, -7.22171 )

[node name="BigOrangeTree8" parent="Level" instance=ExtResource( 13 )]
transform = Transform( 0.394231, 0, -0.919012, 0, 1, 0, 0.919012, 0, 0.394231, 33.4813, 3.7, -25.4331 )

[node name="BigOrangeTree7" parent="Level" instance=ExtResource( 13 )]
transform = Transform( -0.579139, 0, -0.815229, 0, 1, 0, 0.815229, 0, -0.579139, 20.9315, 3.7, -22.2506 )

[node name="BigOrangeTree6" parent="Level" instance=ExtResource( 13 )]
transform = Transform( -0.579139, 0, -0.815229, 0, 1, 0, 0.815229, 0, -0.579139, 10.1035, 3.70828, -5.0426 )

[node name="BigOrangeTree26" parent="Level" instance=ExtResource( 13 )]
transform = Transform( 0.967687, 0, -0.252154, 0, 1, 0, 0.252154, 0, 0.967687, -8.96845, 3.70828, 17.7023 )

[node name="BigOrangeTree5" parent="Level" instance=ExtResource( 13 )]
transform = Transform( 0.394231, 0, -0.919012, 0, 1, 0, 0.919012, 0, 0.394231, 25.0795, 3.7, -12.1181 )

[node name="YellowTree16" parent="Level" instance=ExtResource( 14 )]
transform = Transform( -0.766829, 0, 0.641851, 0, 1, 0, -0.641851, 0, -0.766829, 37.4569, 3.5, -29.1503 )

[node name="YellowTree48" parent="Level" instance=ExtResource( 14 )]
transform = Transform( 0.578868, 0, -0.815421, 0, 1, 0, 0.815421, 0, 0.578868, -24.7609, 3.23991, -74.9298 )

[node name="YellowTree87" parent="Level" instance=ExtResource( 14 )]
transform = Transform( -0.807661, 0, -0.589647, 0, 1, 0, 0.589647, 0, -0.807661, -68.7057, 3.30696, -50.5108 )

[node name="YellowTree15" parent="Level" instance=ExtResource( 14 )]
transform = Transform( -0.766829, 0, 0.641851, 0, 1, 0, -0.641851, 0, -0.766829, 29.1254, 3.5, -15.9466 )

[node name="YellowTree14" parent="Level" instance=ExtResource( 14 )]
transform = Transform( -0.672535, 0, -0.740065, 0, 1, 0, 0.740065, 0, -0.672535, 18.9234, 3.5, -13.6514 )

[node name="YellowTree13" parent="Level" instance=ExtResource( 14 )]
transform = Transform( -0.991169, 0, -0.132602, 0, 1, 0, 0.132602, 0, -0.991169, 27.1774, 3.5, -20.8302 )

[node name="YellowTree12" parent="Level" instance=ExtResource( 14 )]
transform = Transform( -0.587814, 0, -0.808996, 0, 1, 0, 0.808996, 0, -0.587814, 12.7763, 3.50828, -1.5321 )

[node name="YellowTree62" parent="Level" instance=ExtResource( 14 )]
transform = Transform( 0.964938, 0, -0.262476, 0, 1, 0, 0.262476, 0, 0.964938, -6.63489, 3.50828, 13.9577 )

[node name="YellowTree11" parent="Level" instance=ExtResource( 14 )]
transform = Transform( -0.587814, 0, -0.808996, 0, 1, 0, 0.808996, 0, -0.587814, 13.4856, 3.5, -12.9248 )

[node name="YellowTree10" parent="Level" instance=ExtResource( 12 )]
transform = Transform( 0.775848, 0, -0.63092, 0, 1, 0, 0.63092, 0, 0.775848, 27.558, 2.4, -28.8373 )

[node name="YellowTree47" parent="Level" instance=ExtResource( 12 )]
transform = Transform( 0.175298, 0, -0.984515, 0, 1, 0, 0.984515, 0, 0.175298, -66.7143, 2.13991, -63.5574 )

[node name="YellowTree57" parent="Level" instance=ExtResource( 12 )]
transform = Transform( 0.175298, 0, -0.984515, 0, 1, 0, 0.984515, 0, 0.175298, -49.4781, 2.13991, -69.4017 )

[node name="YellowTree104" parent="Level" instance=ExtResource( 12 )]
transform = Transform( 0.175298, 0, -0.984515, 0, 1, 0, 0.984515, 0, 0.175298, -27.2576, 2.13991, -105.524 )

[node name="YellowTree108" parent="Level" instance=ExtResource( 12 )]
transform = Transform( 0.0447178, 0, 0.998999, 0, 1, 0, -0.998999, 0, 0.0447178, 32.5516, 2.13991, -94.2647 )

[node name="YellowTree86" parent="Level" instance=ExtResource( 12 )]
transform = Transform( -0.9821, 0, -0.188358, 0, 1, 0, 0.188358, 0, -0.9821, -73.0541, 5.3721, -62.601 )

[node name="YellowTree85" parent="Level" instance=ExtResource( 12 )]
transform = Transform( -0.9821, 0, -0.188358, 0, 1, 0, 0.188358, 0, -0.9821, -66.9814, 2.20696, -45.4439 )

[node name="YellowTree9" parent="Level" instance=ExtResource( 12 )]
transform = Transform( 0.775848, 0, -0.63092, 0, 1, 0, 0.63092, 0, 0.775848, 18.3909, 2.4, -6.64483 )

[node name="BigOrangeTree12" parent="Level" instance=ExtResource( 13 )]
transform = Transform( 0.979911, 0, 0.199436, 0, 1, 0, -0.199436, 0, 0.979911, -30.97, 3.7, -17.8291 )

[node name="BigOrangeTree11" parent="Level" instance=ExtResource( 13 )]
transform = Transform( 0.68067, 0, -0.732591, 0, 1, 0, 0.732591, 0, 0.68067, -28.4436, 3.7, -42.6802 )

[node name="BigOrangeTree48" parent="Level" instance=ExtResource( 13 )]
transform = Transform( -0.400269, 0, 0.916398, 0, 1, 0, -0.916398, 0, -0.400269, -9.78328, 3.7, -69.7643 )

[node name="BigOrangeTree47" parent="Level" instance=ExtResource( 13 )]
transform = Transform( -0.994741, 0, -0.102428, 0, 1, 0, 0.102428, 0, -0.994741, 19.6397, 3.7, -90.7905 )

[node name="BigOrangeTree21" parent="Level" instance=ExtResource( 13 )]
transform = Transform( 0.897559, 0, 0.440895, 0, 1, 0, -0.440895, 0, 0.897559, -47.4427, 3.7, -56.4549 )

[node name="BigOrangeTree44" parent="Level" instance=ExtResource( 13 )]
transform = Transform( 0.897559, 0, 0.440895, 0, 1, 0, -0.440895, 0, 0.897559, -25.2221, 3.7, -92.5767 )

[node name="BigOrangeTree45" parent="Level" instance=ExtResource( 13 )]
transform = Transform( 0.386437, 0, -0.922316, 0, 1, 0, 0.922316, 0, 0.386437, 27.4833, 3.7, -110.081 )

[node name="BigOrangeTree35" parent="Level" instance=ExtResource( 13 )]
transform = Transform( 0.452777, 0, -0.891624, 0, 1, 0, 0.891624, 0, 0.452777, -79.9001, 6.93219, -43.2367 )

[node name="BigOrangeTree13" parent="Level" instance=ExtResource( 13 )]
transform = Transform( 0.68067, 0, -0.732591, 0, 1, 0, 0.732591, 0, 0.68067, -24.3404, 3.7, -34.1405 )

[node name="BigOrangeTree46" parent="Level" instance=ExtResource( 13 )]
transform = Transform( 0.68067, 0, -0.732591, 0, 1, 0, 0.732591, 0, 0.68067, -13.3443, 3.7, -108.794 )

[node name="BigOrangeTree10" parent="Level" instance=ExtResource( 13 )]
transform = Transform( -0.648373, 0, -0.761323, 0, 1, 0, 0.761323, 0, -0.648373, 7.39193, 3.7, -31.0762 )

[node name="BigOrangeTree19" parent="Level" instance=ExtResource( 13 )]
transform = Transform( 0.68067, 0, -0.732591, 0, 1, 0, 0.732591, 0, 0.68067, -34.9503, 3.7, -29.6802 )

[node name="BigOrangeTree18" parent="Level" instance=ExtResource( 13 )]
transform = Transform( 0.68067, 0, -0.732591, 0, 1, 0, 0.732591, 0, 0.68067, -52.7358, 3.7, -40.4824 )

[node name="BigOrangeTree17" parent="Level" instance=ExtResource( 13 )]
transform = Transform( -0.648373, 0, -0.761323, 0, 1, 0, 0.761323, 0, -0.648373, -36.2014, 3.7, -45.8964 )

[node name="BigOrangeTree22" parent="Level" instance=ExtResource( 13 )]
transform = Transform( -0.975784, 0, -0.218739, 0, 1, 0, 0.218739, 0, -0.975784, -79.137, 3.24532, -87.8882 )

[node name="BigOrangeTree38" parent="Level" instance=ExtResource( 13 )]
transform = Transform( -0.0447535, 0, -0.998998, 0, 1, 0, 0.998998, 0, -0.0447535, -113.483, 6.78881, -61.1548 )

[node name="BigOrangeTree39" parent="Level" instance=ExtResource( 13 )]
transform = Transform( -0.0447535, 0, -0.998998, 0, 1, 0, 0.998998, 0, -0.0447535, -154.192, 10.6111, -101.952 )

[node name="BigOrangeTree34" parent="Level" instance=ExtResource( 13 )]
transform = Transform( -0.723486, 0, -0.69034, 0, 1, 0, 0.69034, 0, -0.723486, -95.9415, 6.93219, -48.3172 )

[node name="BigOrangeTree33" parent="Level" instance=ExtResource( 13 )]
transform = Transform( -0.769867, 0, 0.638204, 0, 1, 0, -0.638204, 0, -0.769867, -100.768, 6.93219, -39.6072 )

[node name="BigOrangeTree32" parent="Level" instance=ExtResource( 13 )]
transform = Transform( -0.769867, 0, 0.638204, 0, 1, 0, -0.638204, 0, -0.769867, -73.6309, 3.50696, -67.821 )

[node name="BigOrangeTree23" parent="Level" instance=ExtResource( 13 )]
transform = Transform( -0.648373, 0, -0.761323, 0, 1, 0, 0.761323, 0, -0.648373, -59.1072, 3.7, -94.7474 )

[node name="BigOrangeTree37" parent="Level" instance=ExtResource( 13 )]
transform = Transform( 0.564693, 0, -0.825301, 0, 1, 0, 0.825301, 0, 0.564693, -119.756, 6.29924, -80.3019 )

[node name="BigOrangeTree24" parent="Level" instance=ExtResource( 13 )]
transform = Transform( 0.603083, 0, -0.797679, 0, 1, 0, 0.797679, 0, 0.603083, 13.279, 3.7, -86.3931 )

[node name="BigOrangeTree25" parent="Level" instance=ExtResource( 13 )]
transform = Transform( 0.85679, 0, 0.515666, 0, 1, 0, -0.515666, 0, 0.85679, -96.5474, 5.5147, -87.8981 )

[node name="BigOrangeTree36" parent="Level" instance=ExtResource( 13 )]
transform = Transform( -0.272985, 0, 0.962018, 0, 1, 0, -0.962018, 0, -0.272985, -122.963, 4.39481, -42.3757 )

[node name="BigOrangeTree40" parent="Level" instance=ExtResource( 13 )]
transform = Transform( 0.952799, 0, -0.303601, 0, 1, 0, 0.303601, 0, 0.952799, -138.615, 3.26457, -14.6408 )

[node name="BigOrangeTree41" parent="Level" instance=ExtResource( 13 )]
transform = Transform( 0.952799, 0, -0.303601, 0, 1, 0, 0.303601, 0, 0.952799, -111.904, 3.26457, -13.7903 )

[node name="BigOrangeTree42" parent="Level" instance=ExtResource( 13 )]
transform = Transform( -0.992517, 0, -0.122112, 0, 1, 0, 0.122112, 0, -0.992517, -116.698, 3.26457, 28.7964 )

[node name="BigOrangeTree43" parent="Level" instance=ExtResource( 13 )]
transform = Transform( -0.470242, 0, 0.882538, 0, 1, 0, -0.882538, 0, -0.470242, -130.927, 3.88708, 20.966 )

[node name="BigOrangeTree31" parent="Level" instance=ExtResource( 13 )]
transform = Transform( 0.527, 0, -0.849866, 0, 1, 0, 0.849866, 0, 0.527, -37.0355, 3.50696, -70.2152 )

[node name="BigOrangeTree9" parent="Level" instance=ExtResource( 13 )]
transform = Transform( 0.312152, 0, -0.950032, 0, 1, 0, 0.950032, 0, 0.312152, 22.9265, 3.7, -36.7641 )

[node name="BigOrangeTree20" parent="Level" instance=ExtResource( 13 )]
transform = Transform( -0.0608744, 0, 0.998146, 0, 1, 0, -0.998146, 0, -0.0608744, -52.2166, 3.43991, -61.092 )

[node name="BigOrangeTree30" parent="Level" instance=ExtResource( 13 )]
transform = Transform( 0.997249, 0, 0.0741259, 0, 1, 0, -0.0741259, 0, 0.997249, -75.3268, 6.6721, -48.0718 )

[node name="YellowTree24" parent="Level" instance=ExtResource( 14 )]
transform = Transform( -0.78417, 0, -0.620545, 0, 1, 0, 0.620545, 0, -0.78417, -33.8026, 3.5, -22.4765 )

[node name="YellowTree23" parent="Level" instance=ExtResource( 14 )]
transform = Transform( -0.78417, 0, -0.620545, 0, 1, 0, 0.620545, 0, -0.78417, -22.5654, 3.5, -11.6378 )

[node name="YellowTree26" parent="Level" instance=ExtResource( 14 )]
transform = Transform( -0.78417, 0, -0.620545, 0, 1, 0, 0.620545, 0, -0.78417, -7.8835, 3.5, -32.7524 )

[node name="YellowTree22" parent="Level" instance=ExtResource( 14 )]
transform = Transform( -0.73482, 0, -0.678262, 0, 1, 0, 0.678262, 0, -0.73482, 16.9285, 3.5, -38.8311 )

[node name="YellowTree46" parent="Level" instance=ExtResource( 14 )]
transform = Transform( 0.882874, 0, 0.46961, 0, 1, 0, -0.46961, 0, 0.882874, -65.0571, 6.40504, -57.5707 )

[node name="YellowTree56" parent="Level" instance=ExtResource( 14 )]
transform = Transform( 0.882874, 0, 0.46961, 0, 1, 0, -0.46961, 0, 0.882874, -15.1086, 3.23991, -75.5208 )

[node name="YellowTree84" parent="Level" instance=ExtResource( 14 )]
transform = Transform( 0.481294, 0, -0.876559, 0, 1, 0, 0.876559, 0, 0.481294, -79.0183, 6.4721, -60.8643 )

[node name="YellowTree83" parent="Level" instance=ExtResource( 14 )]
transform = Transform( 0.481294, 0, -0.876559, 0, 1, 0, 0.876559, 0, 0.481294, -72.9457, 6.4721, -43.7073 )

[node name="YellowTree50" parent="Level" instance=ExtResource( 14 )]
transform = Transform( 0.882874, 0, 0.46961, 0, 1, 0, -0.46961, 0, 0.882874, -76.4076, 3.30279, -92.83 )

[node name="YellowTree51" parent="Level" instance=ExtResource( 14 )]
transform = Transform( 0.617049, 0, 0.786924, 0, 1, 0, -0.786924, 0, 0.617049, -84.0682, 4.10881, -90.2649 )

[node name="YellowTree92" parent="Level" instance=ExtResource( 14 )]
transform = Transform( -0.221701, 0, 0.975115, 0, 1, 0, -0.975115, 0, -0.221701, -117.537, 6.73588, -65.0844 )

[node name="YellowTree91" parent="Level" instance=ExtResource( 14 )]
transform = Transform( -0.597611, 0, 0.801786, 0, 1, 0, -0.801786, 0, -0.597611, -117.07, 6.00986, -57.0192 )

[node name="YellowTree95" parent="Level" instance=ExtResource( 14 )]
transform = Transform( -0.603014, 0, 0.797731, 0, 1, 0, -0.797731, 0, -0.603014, -134.662, 3.72422, -23.1783 )

